name: circos
channels:
  - conda-forge
  - bioconda
  - defaults
  - R
dependencies:
  - circos=0.69.6=2
  - expat=2.2.5=hfc679d8_2
  - fontconfig=2.13.1=h65d0f4c_0
  - freetype=2.9.1=h6debe1e_4
  - giflib=5.1.4=h470a237_1
  - icu=58.2=hfc679d8_0
  - jpeg=9c=h470a237_1
  - libgcc-ng=7.2.0=hdf63c60_3
  - libgd=2.2.5=h5400f36_4
  - libiconv=1.15=h470a237_3
  - libpng=1.6.35=ha92aebf_2
  - libstdcxx-ng=7.2.0=hdf63c60_3
  - libtiff=4.0.9=he6b73bb_2
  - libuuid=2.32.1=h470a237_2
  - libwebp=0.5.2=7
  - libxml2=2.9.8=h422b904_5
  - perl=5.26.2=h470a237_0
  - perl-autoloader=5.74=pl526_1
  - perl-carp=1.38=pl526_1
  - perl-clone=0.39=pl526h470a237_0
  - perl-config-general=2.61=pl526_1
  - perl-data-dumper=2.161=pl526_2
  - perl-digest-perl-md5=1.9=pl526_1
  - perl-dynaloader=1.25=pl526_1
  - perl-encode=2.88=pl526_1
  - perl-exporter=5.72=pl526_1
  - perl-exporter-tiny=1.000000=pl526_0
  - perl-extutils-makemaker=7.34=pl526_2
  - perl-font-ttf=1.06=pl526_0
  - perl-gd=2.68=pl526he941832_0
  - perl-io-string=1.08=pl526_3
  - perl-list-moreutils=0.428=pl526_1
  - perl-list-moreutils-xs=0.428=pl526_0
  - perl-math-bezier=0.01=pl526_1
  - perl-math-round=0.07=pl526_1
  - perl-math-vecstat=0.08=pl526_1
  - perl-module-implementation=0.09=pl526_2
  - perl-module-runtime=0.016=pl526_0
  - perl-number-format=1.75=pl526_3
  - perl-params-validate=1.26=pl526_1
  - perl-parent=0.236=pl526_1
  - perl-pathtools=3.73=h470a237_2
  - perl-readonly=1.04=pl526_2
  - perl-regexp-common=2017060201=pl526_0
  - perl-scalar-list-utils=1.45=pl526h470a237_3
  - perl-set-intspan=1.19=pl526_1
  - perl-statistics-basic=1.6611=pl526_2
  - perl-svg=2.64=pl526_2
  - perl-test-more=1.001002=pl526_1
  - perl-text-format=0.59=pl526_1
  - perl-time-hires=1.9758=pl526_0
  - perl-try-tiny=0.24=pl526_3
  - perl-xml-parser=2.44=pl526h3a4f0e9_6
  - perl-xsloader=0.24=pl526_0
  - xz=5.2.4=h470a237_1
  - zlib=1.2.11=h470a237_3
prefix: /shelf/apps/pjt6/conda/envs/circos
