name: orthofindersep2021
channels:
  - conda-forge
  - bioconda
  - defaults
  - R
dependencies:
  - _libgcc_mutex=0.1=conda_forge
  - _openmp_mutex=4.5=1_gnu
  - blast=2.12.0=pl5262h3289130_0
  - boost-cpp=1.74.0=h312852a_4
  - bzip2=1.0.8=h7f98852_4
  - c-ares=1.17.2=h7f98852_0
  - ca-certificates=2021.5.30=ha878542_0
  - curl=7.79.0=hea6ffbf_0
  - diamond=2.0.11=hdcc8f71_0
  - entrez-direct=15.6=he881be0_0
  - fastme=2.1.6.1=h779adbc_0
  - fasttree=2.1.10=h779adbc_5
  - gawk=5.1.0=h7f98852_0
  - gettext=0.19.8.1=h73d1719_1006
  - gmp=6.2.1=h58526e2_0
  - icu=68.1=h58526e2_0
  - iqtree=2.1.4_beta=hdcc8f71_0
  - krb5=1.19.2=hcc1bbae_0
  - ld_impl_linux-64=2.36.1=hea4e1c9_2
  - libblas=3.9.0=11_linux64_openblas
  - libcblas=3.9.0=11_linux64_openblas
  - libcurl=7.79.0=h2574ce0_0
  - libedit=3.1.20191231=he28a2e2_2
  - libev=4.33=h516909a_1
  - libffi=3.4.2=h9c3ff4c_1
  - libgcc-ng=11.2.0=h1d223b6_8
  - libgfortran-ng=11.2.0=h69a702a_8
  - libgfortran5=11.2.0=h5c6108e_8
  - libgomp=11.2.0=h1d223b6_8
  - libidn2=2.3.2=h7f98852_0
  - liblapack=3.9.0=11_linux64_openblas
  - libnghttp2=1.43.0=h812cca2_0
  - libopenblas=0.3.17=pthreads_h8fe5266_1
  - libssh2=1.10.0=ha56f1ee_0
  - libstdcxx-ng=11.2.0=he4da1e4_8
  - libunistring=0.9.10=h7f98852_0
  - lz4-c=1.9.3=h9c3ff4c_1
  - mafft=7.487=h779adbc_0
  - mcl=14.137=pl5262h779adbc_6
  - mmseqs2=13.45111=h95f258a_1
  - mpi=1.0=openmpi
  - muscle=3.8.1551=h7d875b9_6
  - ncurses=6.2=h58526e2_4
  - numpy=1.21.2=py39hdbf815f_0
  - openmpi=4.1.1=hbfc84c5_0
  - openssl=1.1.1l=h7f98852_0
  - orthofinder=2.5.4=hdfd78af_0
  - pcre=8.45=h9c3ff4c_0
  - perl=5.26.2=h36c2ea0_1008
  - perl-archive-tar=2.32=pl526_0
  - perl-carp=1.38=pl526_3
  - perl-common-sense=3.74=pl526_2
  - perl-compress-raw-bzip2=2.087=pl526he1b5a44_0
  - perl-compress-raw-zlib=2.087=pl526hc9558a2_0
  - perl-exporter=5.72=pl526_1
  - perl-exporter-tiny=1.002001=pl526_0
  - perl-extutils-makemaker=7.36=pl526_1
  - perl-io-compress=2.087=pl526he1b5a44_0
  - perl-io-zlib=1.10=pl526_2
  - perl-json=4.02=pl526_0
  - perl-json-xs=2.34=pl526h6bb024c_3
  - perl-list-moreutils=0.428=pl526_1
  - perl-list-moreutils-xs=0.428=pl526_0
  - perl-pathtools=3.75=pl526h14c3975_1
  - perl-scalar-list-utils=1.52=pl526h516909a_0
  - perl-types-serialiser=1.0=pl526_2
  - perl-xsloader=0.24=pl526_0
  - pip=21.2.4=pyhd8ed1ab_0
  - python=3.9.7=hb7a2778_1_cpython
  - python_abi=3.9=2_cp39
  - raxml=8.2.12=h779adbc_3
  - raxml-ng=1.0.3=h32fcf60_0
  - readline=8.1=h46c0cb4_0
  - scipy=1.7.1=py39hee8e79c_0
  - setuptools=58.0.4=py39hf3d152e_0
  - sqlite=3.36.0=h9cd32fc_1
  - tk=8.6.11=h27826a3_1
  - tzdata=2021a=he74cb21_1
  - wget=1.20.3=ha56f1ee_0
  - wheel=0.37.0=pyhd8ed1ab_1
  - xz=5.2.5=h516909a_1
  - zlib=1.2.11=h516909a_1010
  - zstd=1.5.0=ha95c52a_0
prefix: /shelf/apps/pjt6/conda/envs/orthofindersep2021
